,0,1,2
0,wagenberg,51.669586,4.75247
1,veen,51.776818,5.102449
2,achtmaal,51.453817,4.584497
3,wernhout,51.456053,4.645162
4,nieuwvossemeer,51.592968,4.215159
5,drimmelen,51.707879,4.806318
6,dinteloord,51.635416,4.369873
7,drongelen,51.714263,5.053471
8,nieuwendijk,51.776221,4.91917
9,rijsbergen,51.538292,4.717966
10,hank,51.736196,4.906295
11,langeweg,51.657385,4.694818
12,willemstad,51.6861,4.443284
13,giessen,51.791078,5.028639
14,woudrichem,51.810033,4.999922
15,eethen,51.733023,5.050713
16,meeuwen,51.727918,5.015013
17,babylonienbroek,51.742714,5.023811
18,deheen,51.603424,4.269528
19,ulicoten,51.450811,4.890493
20,zevenbergschehoek,51.689641,4.662753
21,hoogezwaluwe,51.688233,4.74343
22,standaardbuiten,51.612517,4.514047
23,galder,51.512242,4.775339
24,noordhoek,51.642772,4.533301
25,genderen,51.738399,5.076863
26,heijningen,51.656,4.409819
